20081204,010000,en,77
20081117,230001,en,145
20081123,140000,en,90
20081220,070001,en,43
20081011,010001,en,285
20081006,080000,en,230
20081107,110001,pl,1
20081205,070000,en,69
20081028,000001,pl,1
20081223,050000,en,50
20081209,170001,en,119
20081019,100000,en,128
20081217,200000,nl,1
20081014,130000,en,310
20081111,000000,en,78
20081028,160000,en,224
20081029,110000,en,143
20081230,150000,en,73
20081025,060001,en,93
20081220,110000,en,26
20081119,180000,en,140
20081124,030000,en,133
20081122,090000,en,41
20081020,170000,en,281
20081120,230000,en,119
20081011,150000,en,365
20081227,100000,en,34
20081225,130001,en,30
20081209,140000,en,100
20081231,170000,en,40
20081004,190000,en,244
20081125,120001,en,109
20081113,070000,en,110
20081211,040000,en,56
20081125,160000,pl,1
20081206,090001,en,60
20081023,070000,en,148
20081112,120001,en,110
20081223,190001,en,50
20081213,170000,en,81
20081031,200000,en,121
20081207,230000,en,67
20081013,040000,en,351
20081010,120000,en,315
20081017,160001,en,298
20081001,210000,en,528
20081128,090000,en,44
20081030,140000,en,162
20081115,010000,en,60
20081026,200000,en,153
20081222,080000,en,58
20081116,200000,en,126
20081230,100000,en,36
20081206,000000,en,66
20081020,200000,en,248
20081112,150000,id,1
20081029,010000,en,130
20081007,220000,en,512
20081008,160000,en,583
20081102,040000,en,67
20081218,150000,en,99
20081118,020000,en,128
20081229,020001,en,44
20081205,010000,en,64
20081028,000001,pt,1
20081026,220000,en,161
20081028,020000,en,137
20081227,080001,en,50
20081126,210000,en,87
20081012,180000,en,351
20081223,140000,en,66
20081019,170000,en,206
20081117,120000,en,107
20081111,070000,en,98
20081215,200000,en,121
20081110,000000,en,135
20081213,200000,en,56
20081228,220000,en,44
20081024,010000,pt,1
20081126,060001,en,105
20081117,140000,en,151
20081008,130000,en,434
20081027,010000,en,169
20081118,040000,en,111
20081028,040000,en,141
20081008,090001,en,322
20081210,210000,en,58
20081204,140001,en,117
20081125,110000,en,122
20081213,180001,en,41
20081128,230000,en,45
20081115,180000,en,108
20081004,060000,en,243
20081117,000000,en,131
20081102,200000,en,155
20081001,050001,en,442
20081014,030000,en,246
20081118,230001,en,135
20081222,040000,en,32
20081012,090000,en,206
20081121,060000,en,111
20081212,160000,en,80
20081229,030000,en,41
20081024,200000,en,205
20081215,230000,nl,1
20081205,110000,en,61
20081021,000001,en,156
20081113,100000,en,81
20081101,120001,en,65
20081229,180000,en,69
20081027,080000,en,127
20081008,100000,en,312
20081122,220000,en,68
20081130,180000,en,95
20081213,230000,en,51
20081104,190000,ru,1
20081017,060000,en,195
20081217,080000,en,46
20081015,230001,en,253
20081213,040000,en,50
20081127,180001,en,63
20081104,000001,en,135
20081214,160000,en,82
20081030,200000,de,2
20081223,170000,en,97
20081004,220001,en,240
20081027,110000,en,165
20081214,180001,en,73
20081128,220000,en,75
20081215,230000,en,106
20081014,220000,en,307
20081002,140000,en,431
20081119,000000,en,101
20081017,040001,en,220
20081110,210000,en,130
20081130,220000,nl,1
20081012,070001,en,237
20081211,160000,en,115
20081212,040000,en,60
20081101,010000,en,62
20081207,020000,en,32
20081003,080000,en,210
20081210,190000,en,73
20081228,050000,en,29
20081012,150000,en,418
20081213,210000,en,47
20081008,120000,en,358
20081104,190000,fi,1
20081109,200000,tr,2
20081205,150000,en,90
20081028,050000,en,136
20081219,210000,en,53
20081228,100000,en,22
20081130,100000,en,44
20081129,090000,en,45
20081209,110001,en,67
20081124,100000,en,139
20081020,040000,en,209
20081122,160000,en,77
20081012,200000,pl,1
20081008,000000,en,388
20081211,080000,en,94
20081107,200000,en,92
20081122,060001,en,72
20081004,130000,en,232
20081207,100000,en,39
20081213,110000,en,49
20081018,170000,en,184
20081114,030000,en,98
20081127,230000,en,45
20081201,130000,en,67
20081026,090000,en,86
20081017,230000,en,142
20081015,160000,en,330
20081104,080000,en,106
20081125,160000,en,164
20081003,190000,en,535
20081119,040000,en,67
20081211,170001,en,92
20081002,030000,en,456
20081015,180000,en,332
20081129,160000,en,88
20081122,130000,en,78
20081230,190000,en,65
20081203,220000,en,126
20081120,040000,en,86
20081014,120001,en,262
20081120,210000,fr,1
20081023,110000,en,158
20081013,160000,en,438
20081029,220000,en,167
20081015,100000,en,252
20081002,180000,en,488
20081009,050000,pl,1
20081130,080000,en,48
20081224,220000,en,31
20081226,070001,en,31
20081221,210000,en,47
20081104,070000,en,105
20081121,160000,en,115
20081112,030000,en,126
20081201,060000,en,68
20081202,140000,en,89
20081128,110000,en,73
20081019,040000,en,139
20081206,190000,en,63
20081229,080001,en,42
20081113,000001,en,110
20081111,140000,en,144
20081226,010001,en,50
20081214,090000,en,46
20081127,190000,en,72
20081207,220001,en,80
20081125,220000,en,134
20081017,190000,en,240
20081002,190000,en,560
20081006,150000,en,501
20081129,200000,en,68
20081219,080000,en,54
20081010,130001,en,438
20081112,170000,en,200
20081124,050000,en,116
20081208,100001,en,59
20081023,170000,en,571
20081120,020000,en,72
20081108,220000,en,84
20081113,170000,en,150
20081218,230000,en,76
20081121,220000,en,95
20081226,220000,en,28
20081010,210000,en,424
20081120,210000,en,133
20081214,020000,en,39
20081115,050001,en,82
20081225,150000,en,42
20081122,200000,en,79
20081102,130000,en,92
20081113,220000,en,155
20081203,000000,en,110
20081206,070000,en,54
20081220,230000,en,25
20081004,010000,en,272
20081212,000000,en,65
20081105,090000,en,89
20081111,090000,en,91
20081019,190000,en,235
20081109,130000,en,61
20081118,060000,en,121
20081215,160000,en,118
20081223,220000,en,58
20081029,130000,en,157
20081103,210000,en,132
20081121,110001,en,86
20081119,130000,en,126
20081122,020000,en,75
20081124,160000,en,165
20081110,020000,en,103
20081009,020001,en,318
20081205,090000,en,73
20081006,060000,en,319
20081111,200000,pl,1
20081107,020000,en,88
20081001,070000,en,278
20081015,110001,en,251
20081010,000000,en,370
20081213,020000,en,46
20081010,090000,en,333
20081027,060001,en,136
20081119,150000,en,141
20081215,100000,en,51
20081123,210000,en,98
20081013,210000,en,393
20081029,150000,en,205
20081025,050000,en,118
20081009,070000,en,241
20081201,090000,en,81
20081208,060000,en,102
20081230,130000,en,61
20081122,190000,en,87
20081118,100000,en,85
20081028,100000,en,137
20081020,180000,en,282
20081215,050000,en,109
20081105,040000,en,124
20081113,030000,en,86
20081231,060000,en,49
20081028,180001,en,226
20081211,000000,en,74
20081029,070000,en,107
20081206,060000,en,45
20081010,170000,en,549
20081116,010000,en,59
20081227,040000,en,31
20081115,040000,en,93
20081209,000000,en,97
20081114,180000,en,139
20081030,110000,en,127
20081103,060001,en,125
20081009,140001,en,446
20081224,130001,en,31
20081025,120001,en,104
20081019,210000,en,230
20081118,200000,www,1
20081129,210000,en,87
20081015,130000,en,341
20081215,190000,en,145
20081202,170000,id,1
20081005,230000,en,243
20081110,220000,en,125
20081008,210001,en,584
20081222,220000,en,76
20081217,160000,en,105
20081017,130000,fr,1
20081013,100000,en,338
20081007,190000,en,555
20081001,220000,en,462
20081010,110000,en,321
20081220,120000,en,39
20081015,070000,en,225
20081110,140000,en,132
20081105,170001,en,140
20081014,200000,en,332
20081206,140000,en,70
20081002,190000,pl,2
20081219,190001,en,64
20081215,070000,en,75
20081210,000000,en,100
20081007,100001,en,329
20081012,040000,en,255
20081120,180001,en,182
20081109,140000,en,117
20081214,120001,en,49
20081226,100000,en,27
20081028,060001,en,117
20081112,200000,en,204
20081020,180000,www,1
20081004,020000,en,298
20081031,180001,en,142
20081217,200000,en,104
20081108,210000,en,55
20081221,140000,en,53
20081113,140000,en,127
20081204,000000,en,79
20081218,130001,en,56
20081119,210000,en,119
20081020,030000,en,218
20081222,100000,en,44
20081101,160000,en,110
20081006,070000,en,319
20081103,100000,en,114
20081124,170000,en,137
20081129,140000,en,66
20081111,080000,en,64
20081219,230000,en,39
20081212,120001,en,48
20081205,170000,en,120
20081028,140000,en,196
20081021,080000,en,184
20081029,100000,en,116
20081119,100000,en,100
20081223,210000,en,56
20081215,150000,en,128
20081230,070000,en,45
20081111,210000,en,141
20081122,010000,en,71
20081002,110001,en,186
20081106,220000,en,126
20081213,030000,en,36
20081022,120000,en,7
20081020,140000,en,263
20081119,080000,en,99
20081212,220000,en,49
20081108,180001,en,101
20081127,220000,en,76
20081018,160000,en,243
20081112,040000,en,106
20081225,230000,en,19
20081130,200000,en,91
20081217,120001,en,60
20081104,230000,en,104
20081104,200000,pl,2
20081218,210000,en,70
20081202,170000,en,107
20081121,200000,en,117
20081018,120000,en,168
20081031,230000,en,77
20081213,140000,en,52
20081023,190000,en,428
20081203,160000,pl,1
20081207,200000,en,80
20081122,080000,en,55
20081101,100000,en,74
20081222,160000,en,62
20081014,110000,en,227
20081202,200001,en,114
20081111,020000,en,90
20081106,230001,en,141
20081016,200000,en,457
20081028,030000,en,165
20081105,230000,en,98
20081004,040001,en,328
20081010,010000,en,416
20081120,010000,en,92
20081023,140000,en,291
20081007,090000,en,268
20081123,130000,en,98
20081118,100000,zh,1
20081210,010000,en,78
20081217,120001,no,1
20081012,050000,en,206
20081029,140000,en,183
20081102,090000,en,67
20081225,030000,en,27
20081217,180001,en,96
20081218,180000,en,85
20081002,150000,en,478
20081104,030000,en,102
20081003,120000,en,231
20081127,150000,id,1
20081102,180001,en,111
20081017,070000,en,197
20081208,230000,en,72
20081002,170001,en,447
20081127,070000,en,53
20081211,200000,en,95
20081208,170000,en,89
20081014,170000,www,1
20081217,130000,en,61
20081120,140000,en,113
20081005,010000,en,300
20081010,140000,en,542
20081117,170001,en,180
20081031,160000,en,133
20081206,230000,en,59
20081111,040000,en,94
20081204,200001,en,84
20081021,040000,en,215
20081215,040000,en,142
20081118,110000,en,94
20081009,210000,en,476
20081110,190000,en,142
20081210,030000,en,94
20081115,200000,en,109
20081107,160000,en,127
20081024,050000,en,185
20081229,170000,en,75
20081003,000000,en,271
20081117,020000,en,151
20081103,220000,en,136
20081101,190000,en,87
20081007,230000,en,428
20081218,140000,en,67
20081122,100000,en,56
20081206,220000,en,53
20081012,100000,en,236
20081228,000000,en,25
20081102,050000,en,80
20081210,170001,en,128
20081108,010000,en,53
20081128,030000,en,41
20081028,120001,en,150
20081107,170000,en,124
20081010,180000,en,543
20081114,180000,www,1
20081212,210000,en,60
20081006,130000,en,372
20081125,040000,en,119
20081015,040000,en,238
20081125,180001,en,138
20081025,110000,pl,1
20081114,200000,en,199
20081201,160000,en,118
20081230,110000,en,41
20081003,060000,en,296
20081201,070001,en,58
20081130,140000,en,81
20081025,180001,en,153
20081209,210000,en,127
20081216,060001,en,74
20081027,000001,en,155
20081005,090000,en,186
20081008,060000,en,277
20081101,200000,en,85
20081229,120000,en,44
20081121,130000,en,106
20081022,140000,en,276
20081016,160001,en,383
20081002,090000,en,243
20081204,100000,en,72
20081126,110000,en,89
20081221,060000,en,27
20081121,080000,en,86
20081219,110000,en,31
20081116,150000,en,133
20081017,100001,en,151
20081214,000001,en,48
20081201,200001,en,143
20081115,140000,en,64
20081013,020000,en,371
20081025,200000,en,149
20081007,020000,en,420
20081129,070001,commons.m,1
20081004,070000,en,223
20081028,000001,en,146
20081226,050000,en,28
20081221,080000,en,30
20081115,110001,en,77
20081019,220000,en,169
20081013,070001,en,357
20081205,200001,en,83
20081124,140000,en,146
20081128,190001,en,75
20081020,000000,en,176
20081125,210000,en,148
20081107,110001,en,105
20081104,020000,en,103
20081015,210000,en,339
20081216,170000,en,104
20081028,170000,en,209
20081102,210000,en,130
20081024,120001,en,167
20081210,120000,en,63
20081227,180000,en,43
20081128,100000,en,61
20081112,020000,en,113
20081202,150000,en,114
20081011,020000,en,246
20081224,080000,en,31
20081212,010000,en,74
20081220,040000,en,40
20081006,090000,en,272
20081031,060001,en,104
20081124,190000,en,159
20081109,100000,en,52
20081118,160000,en,172
20081205,060000,en,79
20081215,030000,en,87
20081106,100000,en,109
20081204,220000,en,108
20081016,010000,en,271
20081105,060000,en,92
20081228,070000,en,38
20081225,080000,en,26
20081109,070000,en,65
20081117,080000,en,89
20081102,020000,en,74
20081010,070001,en,331
20081223,020000,en,45
20081108,230001,en,79
20081119,010000,pl,1
20081125,010000,en,91
20081015,010000,en,203
20081213,120001,en,29
20081008,030001,en,373
20081020,080000,en,157
20081130,150000,en,73
20081003,070000,en,268
20081104,110000,pl,1
20081210,160000,en,92
20081205,030000,en,64
20081126,230000,en,88
20081220,130001,en,34
20081001,190000,en,623
20081119,220000,en,114
20081016,110000,en,252
20081004,160001,en,323
20081119,010000,en,92
20081002,060000,en,287
20081110,200000,en,118
20081111,230000,en,166
20081121,010000,en,124
20081220,190001,en,54
20081209,200000,en,129
20081127,210000,en,59
20081219,180000,en,59
20081026,150000,en,129
20081009,120000,en,318
20081202,060000,en,87
20081218,030000,id,1
20081015,050001,en,214
20081106,070000,en,85
20081228,010000,en,23
20081208,170000,pl,1
20081210,200000,en,74
20081106,200000,en,120
20081120,190000,en,147
20081007,110000,en,334
20081017,030000,en,197
20081213,060001,en,49
20081206,160000,en,83
20081121,070000,en,138
20081201,170000,en,115
20081024,210000,en,201
20081222,190001,en,59
20081202,090000,en,91
20081123,000001,en,84
20081111,130000,en,114
20081011,190001,en,253
20081223,000000,en,37
20081014,190000,en,347
20081207,080000,en,44
20081003,020000,en,965
20081210,130000,en,77
20081008,180000,en,540
20081207,160001,en,98
20081014,100000,en,258
20081207,010000,en,40
20081103,170000,en,171
20081006,000000,en,442
20081012,160000,en,387
20081024,150000,en,246
20081114,150000,en,130
20081219,010001,en,52
20081008,170000,de,1
20081010,230000,en,293
20081227,090000,en,36
20081113,010000,en,102
20081001,090000,en,253
20081030,130000,commons.m,1
20081211,020000,en,69
20081229,090000,en,47
20081120,050000,en,127
20081023,100000,en,166
20081221,100000,en,32
20081204,110000,en,62
20081214,230000,en,60
20081007,140000,en,509
20081220,060000,en,31
20081019,170000,de,1
20081002,100000,fr,2
20081011,000000,en,250
20081231,200000,en,62
20081205,230000,en,50
20081115,120000,en,67
20081219,170000,en,72
20081227,010000,en,18
20081116,040000,en,67
20081209,050000,en,59
20081230,050000,en,46
20081219,040000,en,51
20081103,200000,en,166
20081108,110001,en,62
20081203,100000,en,75
20081018,220000,en,155
20081120,120001,en,104
20081127,160000,en,83
20081013,130001,en,344
20081102,170000,en,95
20081225,110000,en,20
20081130,010000,en,66
20081125,100000,en,85
20081226,140001,en,33
20081105,220000,en,121
20081011,230000,en,216
20081018,020000,en,122
20081015,060000,en,241
20081113,060001,en,115
20081027,210000,en,231
20081106,170001,en,145
20081009,040000,en,352
20081029,180001,en,177
20081228,200001,en,31
20081202,180000,en,123
20081010,150000,en,576
20081008,220000,en.v,22
20081104,010000,en,114
20081216,070000,en,86
20081015,020000,en,223
20081220,170000,en,63
20081230,090000,en,52
20081231,050000,en,35
20081216,180001,en,74
20081008,220000,en.q,23
20081001,080000,en,265
20081214,080000,en,30
20081208,220001,en,97
20081019,090000,en,108
20081111,190000,en,172
20081204,080001,en,71
20081109,000000,pl,1
20081226,150000,en,33
20081107,150000,en,136
20081025,230000,en,112
20081009,200001,en,443
20081108,030000,en,67
20081120,090000,en,102
20081103,100000,en.d,1
20081107,100000,en,85
20081231,180000,en,60
20081024,030000,en,210
20081009,190000,en,508
20081029,120001,en,128
20081127,100000,en,60
20081208,040001,en,79
20081027,170000,en,249
20081202,000000,en,90
20081026,040000,en,91
20081122,030000,en,80
20081028,150000,en,198
20081205,050000,en,81
20081118,150000,en,119
20081113,210000,en,147
20081023,210000,en,364
20081013,180000,en,352
20081115,190000,en,111
20081025,000001,en,158
20081104,100000,en,128
20081005,180000,en,299
20081020,110000,en,157
20081219,170000,no,1
20081014,050000,en,269
20081221,170000,en,61
20081204,160000,en,128
20081125,230000,en,135
20081225,000000,en,25
20081216,150000,en,102
20081225,090000,en,30
20081012,230000,en,268
20081103,040000,en,138
20081102,030000,en,77
20081104,110000,fr,1
20081104,090000,en,105
20081003,180000,en,510
20081221,130001,en,27
20081218,050000,en,61
20081221,150000,en,55
20081217,210000,en,67
20081103,180001,en,190
20081012,190001,en,270
20081010,030000,en,395
20081120,030000,en,99
20081023,160000,en,509
20081217,170000,en,82
20081013,110000,en,463
20081211,120000,en,57
20081129,190001,en,58
20081031,050000,en,87
20081107,030000,en,82
20081215,000001,en,56
20081126,190000,en,127
20081009,040000,id,1
20081112,230000,en,104
20081204,100000,ja,1
20081027,220000,en,211
20081220,100000,en,33
20081110,160000,en,129
20081104,170000,en,140
20081201,100000,en,74
20081228,090000,www,1
20081030,200000,fr,2
20081108,120000,en,62
20081206,030001,en,55
20081017,200000,en,281
20081018,140000,en,171
20081107,130000,en,102
20081127,200000,en,84
20081012,060000,en,210
20081210,020000,en,88
20081013,230000,en,286
20081029,170000,en,195
20081110,180000,en,148
20081224,040000,en,41
20081126,140000,en,125
20081227,120000,en,27
20081209,160000,en,97
20081019,140001,en,162
20081016,140000,en,337
20081114,230001,en,89
20081227,200001,en,28
20081206,110000,en,59
20081216,100000,en,73
20081223,090000,en,45
20081117,030000,en,119
20081102,230000,en,96
20081221,190001,en,43
20081211,060000,en,59
20081023,050000,en,189
20081231,000000,en,27
20081129,010001,en,60
20081119,050000,en,118
20081125,190000,en,157
20081118,140000,en,110
20081014,080000,en,256
20081203,110000,en,62
20081230,170000,en,87
20081226,170000,pl,1
20081209,230001,en,86
20081215,010000,en,172
20081029,090000,en,93
20081103,150000,en,193
20081206,080000,en,49
20081129,020000,en,92
20081212,230000,en,53
20081030,060001,en,123
20081022,130000,en,224
20081229,150000,en,64
20081213,100000,en,38
20081115,220000,en,83
20081108,150000,en,93
20081008,010000,en,375
20081020,020000,en,191
20081103,110000,en,96
20081019,150000,en,197
20081026,120001,en,98
20081129,150000,en,63
20081104,050000,bm,1
20081213,090000,en,42
20081120,110000,en,111
20081006,220001,en,592
20081204,050000,en,92
20081125,000001,en,140
20081123,100000,en,66
20081004,210000,en,246
20081201,220000,en,146
20081225,200000,en,32
20081104,150000,en,122
20081228,230000,en,41
20081017,120000,en,242
20081125,070000,en,118
20081106,050001,en,113
20081124,200000,en,144
20081102,190000,en,99
20081121,000001,en,100
20081004,230000,en,220
20081204,070000,en,82
20081007,080000,en,344
20081023,150000,en,564
20081122,040000,en,78
20081213,000001,en,45
20081114,170001,en,146
20081203,170000,en,116
20081212,200000,en,80
20081004,130000,pl,1
20081130,210000,en,87
20081014,020000,en,288
20081104,220000,en,121
20081126,120001,en,82
20081023,030000,en,190
20081203,200001,en,97
20081207,180000,en,78
20081221,030000,en,32
20081204,150000,en,90
20081129,070001,en,39
20081214,040000,en,57
20081128,200000,en,55
20081220,160000,id,2
20081127,140000,en,80
20081009,190000,ru,1
20081103,010000,en,119
20081117,130000,en,117
20081027,130000,en,193
20081228,130000,en,48
20081205,160000,en,108
20081021,090000,en,174
20081014,040000,en,307
20081110,030000,en,82
20081125,130000,en,102
20081010,020001,en,377
20081030,000001,en,162
20081101,150000,en,101
20081019,180000,en,210
20081114,110001,en,84
20081126,180001,en,137
20081012,020000,en,296
20081210,060000,en,79
20081021,010000,en,158
20081215,080000,en,69
20081203,180000,en,102
20081211,230001,en,62
20081031,130000,en,117
20081107,090000,en,94
20081231,010000,en,50
20081130,190001,en,101
20081221,040000,en,35
20081211,070000,en,65
20081016,130000,en,264
20081126,130000,en,128
20081206,020000,en,77
20081022,190000,en,301
20081020,220000,en,242
20081029,030000,en,184
20081001,020000,en,646
20081216,120001,en,79
20081214,110000,en,44
20081010,080000,en,290
20081107,070000,en,104
20081127,010000,en,65
20081228,080001,en,25
20081129,060000,en,45
20081103,020000,en,136
20081021,050000,en,193
20081116,050001,en,87
20081209,040001,en,70
20081231,210001,en,35
20081218,030000,en,52
20081031,170000,en,121
20081118,190000,en,153
20081015,000001,en,240
20081123,070000,en,86
20081030,170000,en,200
20081115,020000,en,63
20081122,120001,en,70
20081006,110000,fr,1
20081025,020000,en,108
20081208,120000,en,48
20081025,210000,en,165
20081118,120001,en,84
20081121,040000,en,124
20081007,030000,en,472
20081116,190000,en,158
20081208,080000,en,66
20081226,040000,en,30
20081024,170000,en,276
20081029,080000,en,113
20081027,200000,en,211
20081105,000001,en,120
20081221,070001,en,25
20081214,210000,en,74
20081208,200000,en,118
20081018,050000,en,139
20081029,000001,en,138
20081119,020000,en,90
20081112,060001,en,116
20081022,180000,en,263
20081029,020000,en,168
20081020,230000,en,178
20081231,235959,en,48
20081102,100000,en,54
20081112,110000,en,91
20081104,160000,en,138
20081225,160000,en,44
20081019,200001,en,226
20081030,150000,en,167
20081001,200000,en,519
20081110,110001,en,102
20081006,020000,www,1
20081123,050000,en,87
20081115,000000,en,90
20081011,200000,en,268
20081001,140000,en,602
20081104,060001,en,119
20081018,010000,en,129
20081116,210000,en,114
20081030,220000,en,148
20081015,090000,en,240
20081222,090000,en,58
20081219,030000,en,58
20081125,090000,en,97
20081218,000001,en,75
20081009,010000,en,332
20081217,040000,en,81
20081013,060000,en,327
20081113,190000,en,169
20081101,230000,en,56
20081229,110000,en,58
20081130,130001,en,52
20081208,210000,en,110
20081008,050000,en,327
20081107,000000,en,93
20081228,150000,no,1
20081213,190000,en,53
20081008,080000,en,260
20081203,160000,en,134
20081030,230000,en,140
20081230,030000,en,33
20081219,020000,en,49
20081125,080000,en,88
20081015,080000,en,233
20081226,160000,en,41
20081105,180000,en,124
20081207,130000,en,40
20081023,080000,en,217
20081215,060001,en,83
20081220,150000,en,40
20081206,200000,en,48
20081005,040001,en,285
20081222,000000,en,51
20081110,130000,en,99
20081203,230000,en,92
20081223,080000,en,56
20081228,120000,en,25
20081118,070000,en,89
20081216,040000,en,77
20081027,020000,en,149
20081028,070000,en,109
20081003,220001,en,378
20081024,180001,en,235
20081121,110001,nl,1
20081222,060000,en,50
20081113,040000,en,118
20081203,120000,en,78
20081215,020000,en,290
20081017,210001,en,171
20081018,150001,en,175
20081219,060000,en,55
20081031,190000,en,120
20081218,200000,en,63
20081017,010000,en,176
20081104,180001,en,176
20081005,100001,en,146
20081121,210000,en,86
20081007,130000,en,462
20081001,150000,en,598
20081128,000000,en,40
20081116,100000,en,63
20081018,190000,en,153
20081208,010000,en,62
20081008,150001,en,540
20081217,050000,en,74
20081230,020001,en,36
20081004,110000,en,161
20081105,190000,en,109
20081107,220000,en,111
20081017,020000,en,223
20081114,040000,en,87
20081106,210000,en,106
20081016,100001,en,252
20081006,030000,en,472
20081013,090000,de,2
20081104,200000,en,169
20081110,070000,en,97
20081130,230000,en,97
20081217,190000,en,97
20081128,160000,en,66
20081009,180000,en,545
20081101,180000,en,140
20081230,060000,en,49
20081220,180000,en,49
20081111,200000,en,162
20081208,030000,en,79
20081112,090000,en,88
20081220,090000,en,41
20081116,120000,en,67
20081121,150000,en,128
20081225,190001,en,43
20081227,230000,en,44
20081128,120000,en,72
20081208,190000,en,89
20081106,090000,en,82
20081028,010000,en,146
20081117,040000,en,116
20081110,090000,en,84
20081009,220000,en,527
20081026,210000,en,151
20081027,040000,en,195
20081219,150000,en,59
20081115,100000,en,62
20081205,210000,en,96
20081108,090000,en,55
20081011,100000,en,213
20081226,030000,en,40
20081121,100000,en,86
20081209,220000,en,116
20081226,130000,en,53
20081118,050001,en,107
20081027,190000,en,201
20081205,130000,en,71
20081128,010001,en,42
20081221,200000,en,49
20081228,160000,en,58
20081202,020001,en,88
20081102,150000,en,128
20081112,140000,en,139
20081015,200000,en,318
20081005,140000,en,264
20081227,190000,en,41
20081117,050001,en,104
20081108,170000,en,70
20081107,180001,en,140
20081225,140000,en,37
20081003,060000,www,1
20081122,210000,en,78
20081019,190000,en.d,1
20081201,040000,en,74
20081018,000000,en,119
20081121,140000,en,120
20081025,080000,en,92
20081224,100000,en,32
20081231,230000,en,28
20081130,020001,en,54
20081016,000000,en,229
20081116,070000,en,76
20081009,090000,en,247
20081024,040000,en,225
20081108,160000,en,91
20081013,080000,en,302
20081017,220000,en,187
20081211,130000,en,87
20081201,120000,en,104
20081101,040000,en,64
20081121,020000,en,89
20081007,140000,fr,2
20081126,020000,en,101
20081227,000000,en,20
20081205,220000,en,85
20081115,130000,en,52
20081219,160000,en,72
20081224,120000,en,34
20081201,140001,en,103
20081224,190001,en,34
20081126,220000,en,91
20081105,210000,en,129
20081007,170000,en,585
20081121,030000,en,99
20081013,090000,en,276
20081122,170000,en,104
20081207,000000,en,43
20081012,170000,en,336
20081113,200000,en,153
20081130,090000,en,43
20081228,090000,en,59
20081002,100000,en,235
20081003,170000,en,479
20081221,010001,en,33
20081006,230000,en,474
20081010,020001,www,1
20081015,120000,en,269
20081125,060001,en,124
20081221,110000,en,40
20081202,100000,en,97
20081112,070000,en,120
20081128,150000,en,91
20081005,080000,en,167
20081011,120000,en,232
20081201,020000,en,111
20081121,120000,en,78
20081008,080000,pl,3
20081202,190000,en,110
20081009,050000,en,328
20081011,080000,en,250
20081214,130000,en,48
20081125,150000,pl,2
20081127,030000,en,54
20081213,010000,en,32
20081030,080000,en,108
20081030,200000,it,1
20081001,000000,en,519
20081004,190000,pt,3
20081124,220000,en,154
20081120,150000,en,130
20081030,040000,en,152
20081024,100000,id,1
20081226,090000,en,46
20081020,190001,en,289
20081018,130000,en,156
20081114,210000,en,118
20081011,140000,en,303
20081106,080000,en,94
20081216,200000,en,120
20081103,000001,en,110
20081214,180001,ne,1
20081004,180000,en,287
20081105,100000,en,76
20081231,160000,en,69
20081003,140000,fr,2
20081207,170000,id,1
20081010,190001,fr,1
20081122,150000,en,109
20081019,030000,en,118
20081215,090000,en,66
20081229,070000,en,47
20081112,220000,en,126
20081116,080000,en,61
20081024,110000,en,146
20081022,220000,en,244
20081031,040000,en,139
20081216,220000,en,107
20081202,010000,en,102
20081106,130000,en,95
20081031,090000,en,87
20081016,020000,en,399
20081216,210000,en,114
20081126,160000,en,169
20081224,060000,en,43
20081203,080001,en,69
20081215,180001,en,136
20081225,110000,no,1
20081012,170000,it,1
20081112,050000,en,106
20081201,000000,en,91
20081202,120000,en,63
20081206,120000,en,35
20081202,080001,en,88
20081208,020000,en,69
20081112,080000,en,97
20081025,010000,en,120
20081116,130000,en,80
20081222,120000,en,37
20081020,120000,en,194
20081101,140000,en,78
20081004,160001,pl,2
20081110,120000,en,99
20081220,140000,en,35
20081205,100000,en,69
20081228,150000,en,74
20081002,210000,en,417
20081123,160000,en,101
20081202,230000,en,73
20081119,120000,en,107
20081108,060001,en,56
20081005,210000,en,322
20081203,070000,en,96
20081223,230000,en,70
20081215,170000,en,128
20081222,200000,en,70
20081201,110000,en,60
20081030,030000,pl,1
20081118,170001,en,130
20081201,180000,en,121
20081116,020000,en,69
20081126,050000,en,100
20081118,220000,en,161
20081025,140000,en,128
20081209,030000,en,60
20081117,180000,en,179
20081228,170000,en,50
20081130,170000,en,85
20081016,210000,en,305
20081216,010000,en,93
20081218,220000,en,55
20081121,230000,en,142
20081128,020000,en,50
20081227,020001,en,23
20081018,210000,en,147
20081014,140000,en,368
20081127,150000,en,92
20081218,010000,en,77
20081129,040000,en,53
20081108,170000,nl,2
20081017,150000,en,259
20081224,010001,en,36
20081017,130000,en,238
20081110,150000,en,165
20081214,030000,en,50
20081027,140000,en,269
20081201,230000,en,124
20081127,130000,en,73
20081116,140000,en,90
20081208,050000,en,72
20081011,090000,en,209
20081026,140000,en,116
20081015,170001,en,367
20081121,090000,en,83
20081130,110000,en,55
20081003,100000,en,234
20081228,110000,en,15
20081226,060000,id,1
20081002,070000,pl,2
20081214,070000,en,56
20081018,230000,en,121
20081229,200001,en,61
20081027,100000,en,148
20081123,120001,en,84
20081127,170000,en,78
20081125,020000,en,103
20081211,030000,en,75
20081228,020001,en,29
20081204,230000,en,74
20081105,070000,en,113
20081221,000000,en,25
20081115,130000,ja,1
20081016,090000,en,260
20081001,010000,en,548
20081212,070000,en,69
20081008,040000,en,399
20081114,020000,en,89
20081207,140000,en,64
20081108,070000,en,68
20081007,180000,id,1
20081004,170000,en,254
20081026,080000,en,114
20081204,210000,en,117
20081224,050000,en,42
20081211,010000,en,78
20081008,140000,it,1
20081126,150000,en,123
20081005,130000,en,235
20081218,080000,en,69
20081103,090000,en,125
20081121,170001,en,128
20081225,040000,en,32
20081231,040000,en,48
20081023,010000,en,161
20081006,160001,en,632
20081010,050000,en,350
20081218,060001,en,67
20081001,180000,en,651
20081018,070000,en,169
20081024,130000,en,207
20081029,120001,pl,1
20081114,130000,en,101
20081008,200000,en,574
20081106,010000,en,100
20081126,030000,en,106
20081105,130000,en,127
20081218,090000,en,45
20081001,170001,en,600
20081103,080000,en,110
20081101,050001,en,76
20081012,030000,en,252
20081006,190000,en,700
20081230,160000,en,94
20081124,090000,en,140
20081014,090000,en,251
20081210,070000,en,69
20081211,100000,en,56
20081207,090001,en,53
20081012,010001,en,241
20081210,050001,en,93
20081101,070000,en,61
20081024,080000,en,179
20081231,130000,en,40
20081028,220000,en,207
20081209,100000,en,96
20081224,020000,en,35
20081024,130000,ro,1
20081110,050001,en,129
20081222,210000,en,62
20081201,010001,en,84
20081020,210000,en,256
20081230,040000,en,35
20081005,200000,en,302
20081211,050001,en,74
20081117,210000,en,167
20081020,150000,en,287
20081001,010000,id,1
20081109,220000,en,84
20081006,110000,en,268
20081124,010000,en,112
20081119,090000,en,88
20081014,010000,en,256
20081116,030000,en,58
20081227,060000,en,41
20081209,020000,en,68
20081110,170001,en,170
20081031,010000,en,107
20081107,210000,en,91
20081010,220000,en,335
20081212,170000,en,74
20081229,100000,en,31
20081108,100000,en,69
20081007,050000,en,382
20081220,220000,en,41
20081226,020000,en,31
20081127,060001,en,74
20081223,100000,en,45
20081019,000000,en,129
20081111,100000,en,99
20081117,160000,en,171
20081213,220000,en,53
20081129,000000,en,38
20081008,110000,en,325
20081108,200000,en,60
20081113,150000,en,186
20081108,140000,en,63
20081007,010000,en,392
20081226,060000,en,48
20081116,230001,en,154
20081214,100000,en,45
20081204,040000,en,73
20081217,220000,en,107
20081004,200000,en,252
20081003,200000,commons.m,1
20081221,160000,en,46
20081010,100000,ro,1
20081014,060001,en,272
20081206,210001,en,49
20081002,200000,en,447
20081222,070001,en,44
20081121,190000,en,89
20081005,030000,en,225
20081109,050001,en,72
20081111,020000,en.q,1
20081225,220000,en,33
20081217,000001,en,67
20081117,220000,en,178
20081125,050000,en,146
20081228,210000,en,36
20081109,210000,en,118
20081128,140000,en,67
20081004,150000,en,320
20081108,050000,en,60
20081002,050001,en,353
20081220,230000,pl,1
20081005,220001,en,278
20081031,000001,en,113
20081222,180000,en,73
20081230,000000,en,46
20081101,080000,en,54
20081031,080000,en,70
20081106,120000,en,104
20081016,030000,en,243
20081216,230000,en,73
20081205,080001,en,61
20081028,090000,en,117
20081109,030000,en,65
20081124,150000,en,165
20081001,230001,en,460
20081123,060001,en,77
20081008,140000,en,530
20081007,200000,en,565
20081207,040000,en,61
20081005,120000,en,212
20081113,230000,en,111
20081123,010000,en,69
20081010,040000,en,404
20081217,030000,en,49
20081212,110000,en,56
20081022,210000,en,232
20081229,040000,en,31
20081014,180001,en,349
20081024,010000,en,267
20081016,120000,en,243
20081217,220000,no,1
20081221,050000,en,33
20081107,080000,en,106
20081010,160000,www,1
20081125,030000,en,122
20081015,030000,en,261
20081206,130000,en,39
20081025,190000,en,147
20081201,150000,en,81
20081011,160000,en,355
20081126,080000,en,87
20081023,060001,pl,1
20081018,110000,en,142
20081224,180000,en,32
20081203,090000,en,85
20081218,160000,en,81
20081102,070000,en,70
20081019,110000,en,169
20081111,010000,en,103
20081129,110000,en,38
20081104,210000,en,139
20081130,220000,en,85
20081110,060000,en,115
20081224,140000,en,32
20081003,200000,en,479
20081129,130001,en,45
20081028,060001,id,1
20081009,130000,en,366
20081112,190000,en,132
20081119,030000,en,112
20081015,220000,en,292
20081107,140000,en,107
20081024,070000,en,159
20081207,110000,en,38
20081229,220000,en,59
20081222,130001,en,40
20081217,230000,en,77
20081114,220000,en,113
20081207,120000,en,51
20081226,170000,en,47
20081023,090000,en,186
20081130,050000,en,67
20081117,200000,en,156
20081026,000001,en,90
20081002,160000,en,541
20081005,170000,en,296
20081011,130001,en,258
20081017,180000,en,260
20081128,070001,en,53
20081229,200001,pl,1
20081214,010000,en,39
20081201,210000,en,118
20081017,110000,en,200
20081218,120000,en,41
20081130,060000,en,44
20081229,230000,en,47
20081222,010001,en,33
20081020,010001,en,345
20081123,110000,en,72
20081103,120001,en,144
20081213,080000,en,49
20081030,010000,en,140
20081023,180001,www,1
20081005,200000,www,1
20081118,080000,th,1
20081016,190000,en,332
20081224,090000,en,35
20081001,060000,en,334
20081020,160000,en,347
20081016,050001,en,252
20081006,120000,en,359
20081008,220000,commons.m,23
20081124,020000,en,86
20081112,100000,en,85
20081209,180000,en,117
20081119,110001,en,94
20081219,070001,en,47
20081220,200000,en,39
20081215,210000,en,176
20081116,110001,en,83
20081019,050000,en,129
20081111,150000,en,137
20081129,050000,en,46
20081223,150000,en,54
20081001,110001,en,286
20081210,100000,en,82
20081003,010000,en,247
20081219,220000,en,55
20081019,080001,en,119
20081004,030000,en,296
20081229,130000,en,54
20081107,120000,en,92
20081204,130000,en,95
20081120,070000,en,96
20081002,020000,en,439
20081203,030000,en,87
20081225,180000,en,34
20081211,140000,en,87
20081114,160000,en,150
20081101,030000,en,69
20081208,090000,en,52
20081011,050000,en,250
20081106,190000,en,134
20081220,030000,en,37
20081031,030000,en,116
20081109,120000,en,76
20081205,040000,en,73
20081129,180000,en,69
20081102,220000,en,106
20081218,070000,en,71
20081013,010001,en,266
20081105,030000,en,153
20081016,040000,en,248
20081106,150000,en,146
20081211,180000,en,95
20081120,080000,en,80
20081025,220000,en,131
20081003,160001,en,489
20081007,000000,en,406
20081018,080000,de,1
20081027,180001,en,226
20081004,050000,en,248
20081225,070001,en,41
20081106,000001,en,124
20081014,160000,en,364
20081107,020000,id,1
20081213,130000,en,30
20081026,190000,en,154
20081011,040000,en,291
20081008,020000,en,559
20081024,220000,en,155
20081220,020000,en,35
20081007,160000,en,557
20081001,100000,en,257
20081109,200000,en,104
20081120,060001,en,105
20081027,230000,en,174
20081208,160001,en,105
20081113,190000,pt,1
20081125,170000,en,179
20081017,090000,en,181
20081013,120000,en,348
20081214,190000,en,60
20081230,220000,en,72
20081217,140000,en,100
20081127,090000,en,77
20081120,130000,en,92
20081005,060000,en,162
20081030,020000,en,152
20081001,030000,en,557
20081007,120000,en,320
20081025,090000,en,133
20081201,050000,en,101
20081216,000001,en,92
20081115,090000,en,52
20081030,160000,en,182
20081208,000000,en,88
20081115,030000,en,66
20081021,060001,en,163
20081010,100000,en,308
20081025,160000,en,126
20081026,170000,en,152
20081223,130001,en,35
20081115,160000,en,111
20081127,120001,en,72
20081020,050000,en,182
20081124,110000,en,126
20081006,010000,en,364
20081227,140001,en,30
20081205,000000,en,76
20081109,090000,en,66
20081024,060001,en,193
20081117,060000,en,113
20081026,230000,en,121
20081130,200000,fr,2
20081218,170000,en,87
20081130,030000,en,52
20081012,150000,www,1
20081026,180001,en,141
20081215,110000,en,76
20081123,200000,en,138
20081121,050001,en,90
20081119,140000,en,137
20081203,010000,en,89
20081028,210000,en,169
20081219,120000,en,67
20081207,030001,en,58
20081223,010001,en,58
20081118,210000,en,145
20081021,120001,en,194
20081007,040001,en,499
20081125,200000,en,161
20081216,050000,en,81
20081027,030000,en,129
20081001,040000,en,488
20081225,010001,en,22
20081031,210000,en,100
20081230,010000,en,53
20081215,130000,en,78
20081030,210000,en,146
20081119,160000,en,142
20081107,230000,en,63
20081114,050000,en,98
20081113,080000,en,94
20081229,000000,en,37
20081212,150000,en,86
20081114,210000,id,1
20081230,200001,en,66
20081210,090000,en,62
20081031,150000,en,135
20081101,130000,en,86
20081111,120000,en,116
20081228,040000,en,37
20081222,150000,en,94
20081224,030000,en,41
20081212,190000,en,78
20081023,040000,en,200
20081104,180001,ru,1
20081204,120000,en,55
20081203,210000,en,104
20081216,090000,en,70
20081222,020000,en,49
20081019,060000,en,145
20081222,110000,en,49
20081009,000000,en,375
20081223,070001,en,45
20081020,130001,en,251
20081219,140000,en,47
20081007,210001,en,503
20081030,090000,en,114
20081127,020000,en,47
20081215,140000,en,108
20081223,200000,en,71
20081222,230000,en,65
20081203,040000,en,83
20081106,200000,ro,1
20081114,000001,en,135
20081022,170001,en,280
20081217,070000,en,67
20081018,080000,en,125
20081013,050000,en,368
20081128,080000,en,61
20081118,010000,en,108
20081018,030001,en,206
20081026,110000,en,98
20081025,030000,en,113
20081128,180000,en,89
20081018,200001,en,150
20081102,060001,en,66
20081212,090000,en,70
20081003,230000,en,307
20081209,010000,en,72
20081016,070000,en,239
20081006,100001,en,278
20081116,000000,en,73
20081227,050000,en,28
20081022,200000,en,247
20081212,100000,en,72
20081229,050000,en,30
20081001,120000,en,365
20081230,120000,id,1
20081104,130000,en,115
20081216,190000,en,92
20081206,180000,en,85
20081020,030000,id,1
20081105,110001,en,116
20081231,100000,en,34
20081209,130000,en,101
20081202,050000,en,96
20081102,120001,en,84
20081025,170000,en,152
20081106,040000,en,81
20081227,170000,en,37
20081207,050000,en,44
20081118,080000,en,98
20081012,120000,en,235
20081129,220000,en,47
20081115,170001,en,104
20081122,140000,en,79
20081210,180000,en,94
20081102,010000,en,101
20081218,100000,en,54
20081012,140000,en,335
20081113,130000,en,126
20081202,210000,en,138
20081119,200000,en,127
20081115,080000,en,80
20081011,210000,en,232
20081026,100000,en,90
20081025,110000,en,100
20081009,180000,pl,1
20081210,230001,en,77
20081106,020000,en,132
20081006,040001,en,369
20081009,170000,en,505
20081202,030000,en,107
20081103,140000,en,134
20081124,130000,en,160
20081203,190000,en,122
20081129,100000,en,43
20081222,140000,en,65
20081011,110000,en,206
20081014,190000,pl,1
20081123,080000,en,66
20081012,000000,en,258
20081211,110001,en,66
20081210,040000,en,101
20081024,000001,en,244
20081103,230000,en,112
20081101,170001,en,116
20081025,130000,en,114
20081003,140000,commons.m,1
20081116,060000,en,68
20081209,070000,en,68
20081009,160000,en,490
20081231,220000,en,36
20081224,110000,en,35
20081227,030000,en,51
20081018,180000,en,175
20081106,030000,en,80
20081025,100000,en,76
20081126,010000,en,89
20081214,150000,en,59
20081017,050000,en,163
20081127,050000,en,68
20081123,090000,en,75
20081213,070000,en,26
20081107,190000,en,87
20081126,100000,en,120
20081014,000001,en,281
20081224,000000,en,37
20081004,080000,en,180
20081228,180000,en,57
20081222,050000,en,56
20081113,120001,en,103
20081019,010000,en,116
20081023,120001,en,155
20081117,190000,en,173
20081224,230000,en,30
20081017,080000,en,198
20081217,150000,en,80
20081230,230000,en,51
20081109,150000,en,121
20081110,080000,en,76
20081118,000000,en,88
20081108,000001,en,80
20081014,230000,en,226
20081206,170000,en,71
20081124,230000,en,142
20081018,060000,en,150
20081104,180001,fi,1
20081001,130000,en,420
20081109,010000,en,64
20081012,110000,en,221
20081207,060000,en,53
20081223,040000,en,35
20081111,170000,en,172
20081210,140000,en,69
20081103,190000,en,169
20081116,220000,en,124
20081230,120000,en,34
20081125,150000,en,173
20081109,040000,en,50
20081015,150000,en,350
20081003,090000,en,205
20081223,120000,en,42
20081029,200000,en,177
20081010,060000,en,339
20081013,140000,en,394
20081005,000000,en,243
20081023,130000,en,231
20081211,210000,en,68
20081227,220000,en,41
20081202,160000,en,134
20081112,010000,en,103
20081208,180000,en,64
20081105,050001,en,86
20081008,170000,en,599
20081225,100000,en,41
20081109,000000,en,91
20081102,160000,en,91
20081117,100000,en,116
20081223,160000,en,69
20081215,220000,en,114
20081026,070000,en,89
20081027,120001,en,171
20081108,080000,en,75
20081209,060000,en,78
20081126,170000,en,126
20081129,030000,en,69
20081204,020001,en,72
20081103,070000,en,119
20081222,170000,en,65
20081101,110000,en,61
20081110,040000,en,84
20081109,190000,en,100
20081031,110000,en,94
20081129,070001,id,1
20081009,150000,en,441
20081105,120000,en,100
20081026,050000,en,96
20081111,050001,en,117
20081212,050000,en,53
20081011,060000,en,261
20081220,000000,en,43
20081119,170001,en,145
20081203,020001,en,127
20081215,120001,en,80
20081221,220000,en,39
20081020,090000,en,206
20081104,040000,en,123
20081003,150000,en,453
20081030,190000,en,163
20081011,030000,en,286
20081023,010000,fr,1
20081008,230000,en,425
20081214,200000,en,60
20081220,050000,en,47
20081018,040000,en,202
20081114,100000,en,80
20081128,040000,en,51
20081231,020000,en,38
20081202,220000,en,101
20081020,070001,en,183
20081226,190000,en,35
20081003,110001,en,201
20081226,000000,en,23
20081007,070000,en,298
20081112,000001,en,115
20081216,130000,en,85
20081104,190000,en,163
20081005,110000,en,178
20081023,200000,en,308
20081222,090000,id,1
20081225,060000,en,34
20081123,040000,en,70
20081220,080000,en,24
20081009,030000,en,346
20081026,130000,en,103
20081230,080001,en,36
20081117,070000,en,77
20081027,070000,en,121
20081109,080000,en,37
20081205,120000,en,61
20081103,130000,en,130
20081128,210000,en,63
20081129,170000,en,83
20081126,000001,en,117
20081016,100001,fr,2
20081214,050000,en,55
20081012,210000,en,310
20081231,030001,en,46
20081214,180001,simple,1
20081225,210000,en,22
20081130,040000,en,39
20081123,030000,en,76
20081030,130000,en,153
20081115,060000,en,54
20081217,010000,en,69
20081013,030000,en,334
20081229,160000,no,1
20081223,180000,en,68
20081219,200000,en,64
20081008,190000,en,535
20081129,080000,en,39
20081003,030000,en,319
20081117,010000,en,141
20081006,200000,en,770
20081218,200000,zh,2
20081130,000000,en,69
20081120,000001,en,103
20081017,170000,en,273
20081016,170000,en,407
20081227,110000,en,39
20081209,150000,en,86
20081104,120001,en,119
20081018,100000,en,117
20081221,090000,en,30
20081107,040000,en,77
20081205,020001,en,71
20081126,090000,en,104
20081210,110001,en,69
20081016,180000,en,341
20081208,160001,be,1
20081209,090000,en,75
20081016,150000,en,371
20081227,130000,en,31
20081231,140000,en,34
20081101,090000,en,57
20081002,120000,en,284
20081206,100000,en,56
20081216,020000,en,79
20081128,170000,en,84
20081209,080000,en,63
20081116,090000,en,55
20081024,100000,en,188
20081225,170000,en,49
20081030,120001,en,122
20081223,110000,en,50
20081012,220000,en,305
20081005,200000,id,1
20081102,110000,en,97
20081101,000001,en,74
20081029,040000,en,164
20081206,050000,en,49
20081110,010000,en,98
20081110,130000,www,1
20081129,230000,en,71
20081210,080000,en,71
20081019,230000,en,177
20081031,140000,en,142
20081221,230000,en,50
20081105,200000,en,155
20081107,050001,en,112
20081216,030000,en,61
20081027,050000,en,112
20081016,230000,en,187
20081005,020000,en,225
20081204,030000,en,81
20081226,180000,en,49
20081113,110000,en,83
20081121,180000,en,132
20081229,190000,en,80
20081208,140000,en,65
20081114,120000,en,83
20081217,090000,en,62
20081109,110001,en,64
20081230,140001,en,53
20081212,020000,en,66
20081003,210000,en,437
20081222,100000,www,1
20081026,020000,en,100
20081211,190000,en,100
20081114,080000,en,77
20081224,150000,en,42
20081207,070000,id,1
20081227,070000,en,22
20081105,150000,en,141
20081224,070001,en,35
20081205,180000,en,86
20081021,070000,en,195
20081106,110001,en,75
20081030,180001,en,178
20081203,060000,en,92
20081002,070000,en,286
20081005,150000,en,307
20081024,140000,en,247
20081226,210000,en,25
20081120,220000,en,127
20081109,170001,en,102
20081102,210000,pl,1
20081122,180001,en,90
20081114,140000,en,116
20081011,220000,en,245
20081031,020000,en,122
20081123,190000,en,112
20081211,150000,en,107
20081101,020000,en,74
20081001,160000,en,623
20081016,220001,en,216
20081228,140001,en,42
20081106,180000,en,147
20081218,110000,en,81
20081012,200000,en,321
20081116,170001,en,162
20081008,220000,en.s,22
20081101,220000,en,85
20081213,150000,en,70
20081226,110000,en,34
20081231,190000,en,49
20081218,190001,en,99
20081207,210000,en,76
20081024,020000,en,246
20081223,030000,en,49
20081019,130000,en,155
20081109,060000,en,71
20081228,190000,en,41
20081122,230000,en,74
20081117,090000,en,122
20081021,030000,en,183
20081027,090000,en,134
20081111,030000,en,90
20081207,190000,en,75
20081221,020000,en,40
20081023,020000,en,171
20081231,070000,en,25
20081113,020000,en,86
20081023,220000,en,296
20081013,190001,en,399
20081002,010000,en,377
20081224,210000,en,43
20081124,060001,en,121
20081204,170000,en,159
20081113,160000,en,185
20081008,220000,en.d,23
20081123,170000,en,134
20081030,070000,en,109
20081217,110000,en,52
20081120,160000,en,167
20081211,220000,en,267
20081119,230000,en,108
20081013,170000,en,423
20081102,000001,en,63
20081031,120001,en,127
20081029,230000,en,179
20081112,180001,en,152
20081201,030000,en,94
20081110,230001,en,112
20081202,110000,en,93
20081226,200001,en,36
20081203,150000,en,145
20081030,200000,en,131
20081007,070000,pl,5
20081123,230000,en,118
20081223,060000,en,37
20081014,150000,en,379
20081006,050000,en,284
20081118,090000,en,74
20081023,230000,en,277
20081008,220000,en.b,21
20081002,130000,en,387
20081225,050000,en,24
20081224,200000,en,42
20081009,080001,en,248
20081104,050000,en,131
20081010,190001,en,439
20081003,140000,en,404
20081123,180001,en,107
20081011,180000,en,337
20081124,120001,en,117
20081217,100000,en,65
20081108,040000,en,60
20081112,210000,en,129
20081124,180001,en,156
20081031,070000,en,85
20081105,020000,en,91
20081008,220000,en.n,23
20081113,050000,en,94
20081106,140000,en,106
20081024,110000,sv,2
20081104,110000,en,120
20081008,230000,en.d,1
20081217,060001,en,76
20081005,190000,en,311
20081018,090001,en,121
20081006,210000,en,693
20081112,150000,en,151
20081023,000001,en,198
20081002,080000,en,268
20081219,050000,en,43
20081202,130001,en,72
20081006,180000,en,789
20081124,080000,en,107
20081206,010000,en,56
20081111,220000,en,147
20081020,060000,en,145
20081023,060001,en,168
20081112,130000,en,110
20081104,140000,en,150
20081006,020000,en,357
20081026,030000,en,108
20081114,090000,en,58
20081219,100000,en,55
20081105,140000,en,129
20081201,190000,en,119
20081115,150000,en,82
20081126,040000,en,99
20081025,150000,en,144
20081028,230000,en,164
20081216,140000,en,96
20081231,090001,en,38
20081211,090000,en,66
20081004,120000,en,223
20081003,050001,en,389
20081108,020000,en,58
20081114,070000,en,77
20081212,140000,en,67
20081119,060001,en,96
20081019,200001,pl,1
20081113,090000,en,76
20081229,010000,en,39
20081227,210000,en,43
20081219,130001,en,40
20081027,150000,en,227
20081015,140000,en,330
20081125,140000,en,158
20081117,150000,en,195
20081105,080000,en,107
20081031,220000,en,91
20081214,140000,en,69
20081127,040000,en,67
20081004,000000,en,287
20081216,110000,en,73
20081119,190000,pl,1
20081001,160000,it,1
20081208,150000,en,88
20081030,100000,en,108
20081010,160000,en,601
20081111,060000,en,91
20081205,190000,en,85
20081210,220000,en,84
20081019,160000,en,203
20081019,020001,en,111
20081026,160000,en,160
20081208,070000,en,72
20081120,170000,en,150
20081116,160000,en,114
20081004,140000,en,235
20081016,210000,pt,2
20081209,190000,en,142
20081226,120000,en,27
20081205,140001,en,85
20081207,170000,en,97
20081114,010000,en,89
20081022,160000,en,287
20081219,090000,en,55
20081110,100000,en,82
20081124,040000,en,110
20081006,140000,en,412
20081112,160000,en,134
20081220,160000,en,53
20081020,100000,en,200
20081016,080000,en,212
20081024,230000,en,153
20081116,180000,en,119
20081102,140000,en,87
20081022,150000,en,343
20081225,120000,en,18
20081202,070000,en,86
20081106,060000,en,83
20081231,120000,en,28
20081227,150000,en,47
20081024,090000,en,143
20081007,150001,en,523
20081014,210000,en,303
20081002,040000,en,381
20081203,050000,en,101
20081124,210000,en,109
20081229,160000,en,71
20081011,170000,en,296
20081115,210000,en,96
20081029,060001,en,98
20081008,220000,en,1733
20081128,050000,en,54
20081204,190000,en,125
20081221,180000,en,65
20081027,160000,en,248
20081228,060000,en,34
20081002,230001,en,309
20081021,100000,en,149
20081127,110000,en,67
20081107,060000,en,97
20081017,000000,en,198
20081010,110000,pl,2
20081005,050000,en,285
20081007,180000,en,612
20081012,130001,en,321
20081230,210000,en,59
20081208,130000,en,57
20081120,100000,en,93
20081224,000000,id,1
20081126,100000,id,1
20081229,060000,en,46
20081022,230000,en,206
20081207,150000,en,69
20081212,130000,en,66
20081204,180000,en,119
20081114,190000,en,121
20081217,020000,en,90
20081013,000000,en,265
20081212,030000,en,47
20081203,130001,en,88
20081122,000001,en,92
20081231,080000,en,42
20081101,060000,en,47
20081115,230001,en,91
20081118,030000,en,105
20081109,160000,en,100
20081229,140001,en,68
20081114,060001,en,96
20081212,060001,en,57
20081002,000000,en,396
20081119,070000,en,86
20081105,160000,en,139
20081025,040000,en,114
20081009,060000,en,313
20081201,080000,en,96
20081220,210000,en,59
20081111,180001,en,168
20081107,010000,en,80
20081101,210000,en,108
20081108,130000,en,58
20081008,070000,en,256
20081213,160000,en,77
20081007,070000,en.d,1
20081226,080000,en,45
20081221,120000,en,45
20081111,110001,en,80
20081030,050000,en,168
20081029,050000,en,164
20081206,040000,en,57
20081015,190000,en,373
20081010,200000,en,468
20081024,160000,en,248
20081226,230000,en,40
20081120,200000,en,153
20081024,190000,en,219
20081212,060001,id,1
20081009,100000,en,284
20081109,230001,en,114
20081126,070000,en,118
20081224,170000,en,52
20081202,040000,en,96
20081118,200000,en,143
20081129,120000,en,46
20081029,190000,en,208
20081119,190000,en,120
20081103,160000,en,160
20081019,120000,en,134
20081212,180001,en,75
20081210,150000,en,110
20081127,000001,en,82
20081003,040000,en,368
20081126,200000,en,93
20081130,160000,en,73
20081201,100000,pl,2
20081208,160001,nl,1
20081026,060001,en,87
20081228,030000,en,22
20081005,040001,www,1
20081017,140000,en,254
20081009,110000,en,272
20081108,190000,en,102
20081026,010000,en,100
20081229,190000,commons.m,1
20081216,160000,en,98
20081224,040000,pl,1
20081206,150001,en,64
20081214,170000,en,70
20081007,060000,en,318
20081213,050000,en,46
20081013,150000,en,433
20081123,150000,en,119
20081029,210000,en,207
20081002,220000,en,419
20081023,050000,pl,1
20081231,150001,en,60
20081118,180000,en,149
20081014,170000,en,398
20081013,220000,en,368
20081203,140000,en,78
20081219,000000,en,52
20081029,160000,en,225
20081123,220000,en,174
20081128,130001,en,71
20081122,070000,en,73
20081028,190000,en,224
20081111,160000,en,148
20081027,170000,fr,2
20081207,070000,en,69
20081124,000001,en,155
20081227,160000,en,46
20081209,120000,en,59
20081106,160000,en,143
20081231,110000,en,38
20081028,200000,en,187
20081103,050000,en,110
20081031,100000,en,110
20081218,040000,en,84
20081012,080000,en,231
20081021,020000,en,179
20081109,180000,en,113
20081229,210000,en,51
20081127,080000,en,48
20081005,070000,en,210
20081117,110001,en,101
20081204,060000,en,81
20081214,060001,en,31
20081030,030000,en,163
20081208,110000,en,66
20081009,230000,en,370
20081004,100001,en,153
20081013,200000,en,322
20081028,130000,en,134
20081118,130000,en,109
20081122,050000,en,81
20081004,090000,en,143
20081016,060000,en,246
20081212,080000,en,42
20081105,010000,en,112
20081224,160000,en,51
20081128,060000,en,61
20081201,140001,de,1
20081204,090000,en,67
20081214,220000,en,56
20081005,160001,en,300
20081115,070000,en,62
20081025,070000,en,120
20081123,020000,en,63
20081130,070001,en,37
20081103,030000,en,109
20081216,080000,en,65
20081122,110000,en,54
20081222,030000,en,45
20081106,210000,es,1
20081019,070000,en,119
20081218,020000,en,67
20081217,200000,de,1
20081220,010001,en,33
20081011,070001,en,231
20081028,110000,en,128
20081028,080000,en,110
20081230,180000,en,78
20081109,020000,en,60
20081124,070000,en,148
20081015,060000,id,1
20081014,070000,en,271
20081006,170000,en,637
20081004,110000,pl,1
20081010,180000,pl,1
20081225,020000,en,26
20081102,080000,en,53
20081113,180001,en,167
20081130,120000,en,61
20081003,130000,en,373
20081023,180001,en,446
